[F_{4}([0.0,0.0,0.2,0.2,0],[-1.0,1.0,1.0,-1.0,0],[-1.0,-1.0,-0.98,-0.98,0],4),F_{4}([0.2,0.2,0.38,0.38,0],[-1.0,1.0,1.0,-1.0,0],[-0.98,-0.98,-0.92,-0.92,0],4),F_{4}([0.38,0.38,0.56,0.56,0],[-1.0,1.0,1.0,-1.0,0],[-0.92,-0.92,-0.83,-0.83,0],4),F_{4}([0.56,0.56,0.71,0.71,0],[-1.0,1.0,1.0,-1.0,0],[-0.83,-0.83,-0.71,-0.71,0],4),F_{4}([0.71,0.71,0.83,0.83,0],[-1.0,1.0,1.0,-1.0,0],[-0.71,-0.71,-0.56,-0.56,0],4),F_{4}([0.83,0.83,0.92,0.92,0],[-1.0,1.0,1.0,-1.0,0],[-0.56,-0.56,-0.38,-0.38,0],4),F_{4}([0.92,0.92,0.98,0.98,0],[-1.0,1.0,1.0,-1.0,0],[-0.38,-0.38,-0.2,-0.2,0],4),F_{4}([0.98,0.98,1.0,1.0,0],[-1.0,1.0,1.0,-1.0,0],[-0.2,-0.2,0.0,0.0,0],4),F_{4}([1.0,1.0,0.98,0.98,0],[-1.0,1.0,1.0,-1.0,0],[0.0,0.0,0.2,0.2,0],4),F_{4}([0.98,0.98,0.92,0.92,0],[-1.0,1.0,1.0,-1.0,0],[0.2,0.2,0.38,0.38,0],4),F_{4}([0.92,0.92,0.83,0.83,0],[-1.0,1.0,1.0,-1.0,0],[0.38,0.38,0.56,0.56,0],4),F_{4}([0.83,0.83,0.71,0.71,0],[-1.0,1.0,1.0,-1.0,0],[0.56,0.56,0.71,0.71,0],4),F_{4}([0.71,0.71,0.56,0.56,0],[-1.0,1.0,1.0,-1.0,0],[0.71,0.71,0.83,0.83,0],4),F_{4}([0.56,0.56,0.38,0.38,0],[-1.0,1.0,1.0,-1.0,0],[0.83,0.83,0.92,0.92,0],4),F_{4}([0.38,0.38,0.2,0.2,0],[-1.0,1.0,1.0,-1.0,0],[0.92,0.92,0.98,0.98,0],4),F_{4}([0.2,0.2,0.0,0.0,0],[-1.0,1.0,1.0,-1.0,0],[0.98,0.98,1.0,1.0,0],4),F_{4}([0.0,0.0,-0.2,-0.2,0],[-1.0,1.0,1.0,-1.0,0],[1.0,1.0,0.98,0.98,0],4),F_{4}([-0.2,-0.2,-0.38,-0.38,0],[-1.0,1.0,1.0,-1.0,0],[0.98,0.98,0.92,0.92,0],4),F_{4}([-0.38,-0.38,-0.56,-0.56,0],[-1.0,1.0,1.0,-1.0,0],[0.92,0.92,0.83,0.83,0],4),F_{4}([-0.56,-0.56,-0.71,-0.71,0],[-1.0,1.0,1.0,-1.0,0],[0.83,0.83,0.71,0.71,0],4),F_{4}([-0.71,-0.71,-0.83,-0.83,0],[-1.0,1.0,1.0,-1.0,0],[0.71,0.71,0.56,0.56,0],4),F_{4}([-0.83,-0.83,-0.92,-0.92,0],[-1.0,1.0,1.0,-1.0,0],[0.56,0.56,0.38,0.38,0],4),F_{4}([-0.92,-0.92,-0.98,-0.98,0],[-1.0,1.0,1.0,-1.0,0],[0.38,0.38,0.2,0.2,0],4),F_{4}([-0.98,-0.98,-1.0,-1.0,0],[-1.0,1.0,1.0,-1.0,0],[0.2,0.2,0.0,0.0,0],4),F_{4}([-1.0,-1.0,-0.98,-0.98,0],[-1.0,1.0,1.0,-1.0,0],[0.0,0.0,-0.2,-0.2,0],4),F_{4}([-0.98,-0.98,-0.92,-0.92,0],[-1.0,1.0,1.0,-1.0,0],[-0.2,-0.2,-0.38,-0.38,0],4),F_{4}([-0.92,-0.92,-0.83,-0.83,0],[-1.0,1.0,1.0,-1.0,0],[-0.38,-0.38,-0.56,-0.56,0],4),F_{4}([-0.83,-0.83,-0.71,-0.71,0],[-1.0,1.0,1.0,-1.0,0],[-0.56,-0.56,-0.71,-0.71,0],4),F_{4}([-0.71,-0.71,-0.56,-0.56,0],[-1.0,1.0,1.0,-1.0,0],[-0.71,-0.71,-0.83,-0.83,0],4),F_{4}([-0.56,-0.56,-0.38,-0.38,0],[-1.0,1.0,1.0,-1.0,0],[-0.83,-0.83,-0.92,-0.92,0],4),F_{32}([0.2,0.0,-0.2,-0.38,-0.56,-0.71,-0.83,-0.92,-0.98,-1.0,-0.98,-0.92,-0.83,-0.71,-0.56,-0.38,-0.2,0.0,0.2,0.38,0.56,0.71,0.83,0.92,0.98,1.0,0.98,0.92,0.83,0.71,0.56,0.38,0],[1.0,1.0,1.0,1.0,1.0,1.0,1.0,1.0,1.0,1.0,1.0,1.0,1.0,1.0,1.0,1.0,1.0,1.0,1.0,1.0,1.0,1.0,1.0,1.0,1.0,1.0,1.0,1.0,1.0,1.0,1.0,1.0,0],[-0.98,-1.0,-0.98,-0.92,-0.83,-0.71,-0.56,-0.38,-0.2,0.0,0.2,0.38,0.56,0.71,0.83,0.92,0.98,1.0,0.98,0.92,0.83,0.71,0.56,0.38,0.2,0.0,-0.2,-0.38,-0.56,-0.71,-0.83,-0.92,0],32),F_{4}([-0.38,-0.38,-0.2,-0.2,0],[-1.0,1.0,1.0,-1.0,0],[-0.92,-0.92,-0.98,-0.98,0],4),F_{4}([-0.2,-0.2,0.0,0.0,0],[-1.0,1.0,1.0,-1.0,0],[-0.98,-0.98,-1.0,-1.0,0],4),F_{32}([0.0,0.2,0.38,0.56,0.71,0.83,0.92,0.98,1.0,0.98,0.92,0.83,0.71,0.56,0.38,0.2,0.0,-0.2,-0.38,-0.56,-0.71,-0.83,-0.92,-0.98,-1.0,-0.98,-0.92,-0.83,-0.71,-0.56,-0.38,-0.2,0],[-1.0,-1.0,-1.0,-1.0,-1.0,-1.0,-1.0,-1.0,-1.0,-1.0,-1.0,-1.0,-1.0,-1.0,-1.0,-1.0,-1.0,-1.0,-1.0,-1.0,-1.0,-1.0,-1.0,-1.0,-1.0,-1.0,-1.0,-1.0,-1.0,-1.0,-1.0,-1.0,0],[-1.0,-0.98,-0.92,-0.83,-0.71,-0.56,-0.38,-0.2,0.0,0.2,0.38,0.56,0.71,0.83,0.92,0.98,1.0,0.98,0.92,0.83,0.71,0.56,0.38,0.2,0.0,-0.2,-0.38,-0.56,-0.71,-0.83,-0.92,-0.98,0],32)]